240897
232895
253143
267642
270048
270048
270048
258963
270048
294879
219879
261756
268439
157464
318089
317953
190078
330589
248265
257532
282926
326285
331133
322310
288131
303197
312420
254168
332141
218630
236256
205526
147158
240369
331384
299646
315680
332700
293017
293018
318402
304166
333029
304167
333029
322937
230175
333200
333338
209265
209505
209565
275376
285601
296883
325807
333073
318208
282725
333651
324111
314111
175833
331048
288875
301155
333952
315680
327945
164514
269786
304348
293289
294651
166352
282833
329201
303637
324118
329206
323154
307202
334509
278556
278566
334466
334771
333700
277356
335049
312827
312872
334573
210689
283821
283820
254070
279030
154863
295041
335424
295168
323258
152674
285070
327641
322690
335049
267886
223145
335691
195103
324990
335215
335823
216418
262236
179990
336243
322946
299326
303637
334351
334275
330491
336166
334834
248653
291339
312887
335974
278000
298749
336842
336795
144121
152981
174127
315222
296858
305499
148166
338917
327226
300267
287515
336705
308518
325737
337775
309464
336757
322295
337528
303601
303541
320832
301596
320096
266186
235428
339398
292647
340928
339885
339885
180569
292989
254512
339002
339977
340137
304053
332080
279946
292989
336018
318762
185449
338667
310873
319631
280111
143279
333900
342528
342258
285955
132908
306526
319631
319263
301762
192130
339906
312715
331250
342163
335744
341550
206184
259627
335317
315044
335744
341106
342918
343059
342953
341235
340154
339495
315044
314499
270048
321279
254909
145243
288991
288992
323301
217112
313512
309534
342754
314435
281328
281158
134159
154812
185253
279767
278830
278140
277708
180989
277536
277239
169648
116323
199006
208026
220564
232378
246101
249893
253018
258806
274900
271371
171609
172165
211119
163462
274029
137045
128904
121524
117054
168538
223389
222854
249209
259927
164654
165253
166243
274577
162650
162638
163016
158695
157730
274270
156289
156664
153049
153731
154812
148451
145870
146088
146187
147061
139889
141546
142004
141990
142709
143141
272642
137513
135472
130789
130672
137608
143110
152285
173096
134159
269002
266248
270048
266762
271371
264869
265038
270917
259052
251948
204854
193928
256845
145060
145205
147987
251522
274950
282404
168857
275554
276052
278305
279202
279946
279940
279824
280258
280144
280598
277551
280937
280798
280770
280756
281953
281841
281693
281588
282433
282378
282305
282216
282193
283913
283531
283452
284622
285081
285051
284968
285402
284932
193118
286322
286320
286211
115345
139723
141775
153554
159990
162617
165529
168436
170143
182926
187707
191957
192124
194104
196970
197671
203144
206195
206326
214173
215779
218024
219016
219682
221020
221125
223044
228522
231052
231057
231200
231506
232027
232328
233099
235319
236194
238224
239782
240587
240681
240706
242057
242183
243693
245329
245608
245679
248265
249210
250345
251948
252599
253501
253898
254027
254563
254604
254788
255134
255333
255398
255625
255749
256935
257307
257532
258133
258147
258541
258730
258978
260846
261476
255766
266968
257601
257750
258074
258336
259128
259292
259945
260153
226738
260897
261034
261219
261426
261715
261874
137253
261839
261874
262028
262019
262029
262171
237888
262244
262662
262806
262817
263122
263443
263371
263662
264019
264161
258532
264594
264510
233904
194034
218630
218754
266037
265619
259328
266444
259801
266637
266646
266837
266880
267164
267144
268607
196234
268238
268416
255464
268934
269184
269208
269511
270048
270113
270190
196816
270475
270604
270607
252362
269794
269886
208649
219249
255464
177392
260238
258302
252825
251948
272677
206279
206601
227760
192977
192990
193033
274355
274273
274410
274590
274740
274602
274894
275202
275278
275049
281917
281937
281722
272642
281882
262410
271753
280144
281882
282576
267981
264922
277510
265989
282593
281104
279232
253674
245757
245329
240806
232134
223375
174509
164230
282655
282728
271756
261579
272838
283098
286352
285675
237079
248649
243111
109745
283652
210689
283820
283821
279030
258989
209038
162204
343147
237334
335313
335312
343334
343056
339502
335686
342349
342499
342864
343564
156437
343415
311948
329805
329085
230995
331450
284706
205495
221495
328223
328233
339803
319031
215661
309323
181662
343953
315949
272696
133915
287152
198357